-0.103122
-0.115495
-0.127388
-0.138766
-0.149595
-0.159838
-0.169463
-0.178439
-0.186734
-0.194321
-0.201173
-0.207266
-0.212576
-0.217088
-0.220782
-0.223645
-0.225668
-0.226843
-0.227164
-0.226631
-0.225246
-0.223014
-0.219944
-0.216045
-0.211335
-0.205827
-0.199544
-0.192508
-0.184743
-0.176276
-0.167138
-0.157355
-0.146964
-0.135997
-0.124487
-0.112472
-0.0999883
-0.0870695
-0.0737536
-0.0600784
-0.0460793
-0.0317949
-0.0172564
-0.00250221
0.0124335
0.0275193
0.0427218
0.0580096
0.0733532
0.0887242
0.104096
0.11944
0.134735
0.149956
0.165082
0.180091
0.194966
0.209688
0.224241
0.23861
0.252781
0.266741
0.280479
0.293985
0.307248
0.320261
0.333016
0.345506
0.357726
0.369671
0.381337
0.392719
0.403816
0.414624
0.425142
0.435367
0.445301
0.454941
0.464289
0.473343
0.482105
0.490574
0.498753
0.506642
0.514242
0.521555
0.528582
0.535326
0.541787
0.547968
0.55387
0.559495
0.564846
0.569923
0.57473
0.579266
0.583535
0.587537
0.591275
0.594751
0.597965
0.600918
0.603613
0.606051
0.608232
0.610158
0.61183
0.613247
0.614412
0.615324
0.615984
0.616392
0.61655
0.616455
0.616109
0.615512
0.614661
0.61356
0.612205
0.610596
0.608734
0.606616
0.604242
0.60161
0.598721
0.595571
0.592161
0.588488
0.584551
0.580348
0.575879
