1.61373
1.61407
1.61436
1.6146
1.61479
1.61494
1.615
1.61498
1.61489
1.61471
1.61445
1.61413
1.61377
1.61337
1.61295
1.61251
1.61205
1.61158
1.6111
1.61062
1.61012
1.60962
1.60911
1.60859
1.60807
1.60755
1.60702
1.60649
1.60595
1.60541
1.60487
1.60432
1.60377
1.60322
1.60266
1.60211
1.60156
1.601
1.60045
1.5999
1.59934
1.59879
1.59823
1.59768
1.59712
1.59657
1.59601
1.59546
1.5949
1.59435
1.59379
1.59323
1.59268
1.59212
1.59156
1.591
1.59044
1.58988
1.58932
1.58875
1.58819
1.58763
1.58706
1.5865
1.58593
1.58536
1.58479
1.58423
1.58366
1.58309
1.58252
1.58195
1.58138
1.58081
1.58024
1.57966
1.57909
1.57852
1.57795
1.57737
1.5768
1.57622
1.57565
1.57507
1.5745
1.57392
1.57334
1.57276
1.57218
1.57159
1.571
1.57041
1.56981
1.5692
1.56859
1.56797
1.56733
1.56667
1.56599
1.56524
1.56361
