-0.347921
-0.357926
-0.367559
-0.376798
-0.385629
-0.394046
-0.402047
-0.409634
-0.416806
-0.423568
-0.429923
-0.435875
-0.441425
-0.446581
-0.451344
-0.455716
-0.459705
-0.463311
-0.466541
-0.469395
-0.47188
-0.473998
-0.475755
-0.477154
-0.4782
-0.478896
-0.479248
-0.479258
-0.478932
-0.478275
-0.477291
-0.475982
-0.474358
-0.47242
-0.470148
-0.46757
-0.464881
-0.462117
-0.459271
-0.456341
-0.453322
-0.450214
-0.447008
-0.443708
-0.440313
-0.436819
-0.433224
-0.42953
-0.425737
-0.421843
-0.417857
-0.413778
-0.409607
-0.405352
-0.401017
-0.396605
-0.392124
-0.387589
-0.383011
-0.378412
-0.373803
-0.369189
-0.364567
-0.35994
-0.355303
-0.350658
-0.346004
-0.341293
-0.336483
-0.331545
-0.326466
-0.321243
-0.315876
-0.310375
-0.304746
-0.298997
-0.293123
-0.287117
-0.281094
-0.27506
-0.269014
-0.262955
-0.256884
-0.250802
-0.244698
-0.238571
-0.23241
-0.226211
-0.219966
-0.213669
-0.207312
-0.200889
-0.194393
-0.187811
-0.18114
-0.174373
-0.167507
-0.160534
-0.153463
-0.146307
-0.139071
-0.131761
-0.124376
-0.116915
-0.109375
-0.101751
-0.0940375
-0.0862272
-0.078314
-0.0698725
-0.0605071
-0.0503323
-0.0394165
-0.0277981
-0.0154928
-0.00248702
0.0112942
0.025969
0.0417659
0.0594863
0.0804592
0.10241
0.124471
0.146644
0.16893
0.191332
0.213851
0.236489
0.259249
0.282132
0.30514
