-4.0939
-4.07041
-4.0472
-4.02427
-4.00161
-3.97923
-3.95711
-3.93525
-3.91365
-3.8923
-3.8712
-3.85034
-3.82972
-3.80934
-3.78918
-3.76926
-3.74956
-3.73008
-3.71082
-3.69177
-3.67293
-3.6543
-3.63587
-3.61764
-3.5996
-3.58176
-3.56411
-3.54665
-3.52938
-3.51228
-3.49537
-3.47863
-3.46206
-3.44567
-3.42944
-3.41339
-3.39749
-3.38176
-3.36618
-3.35076
-3.3355
-3.32038
-3.30542
-3.29061
-3.27594
-3.26141
-3.24702
-3.23278
-3.21867
-3.2047
-3.19086
-3.17715
-3.16358
-3.15013
-3.13681
-3.12361
-3.11053
-3.09758
-3.08475
-3.07203
-3.05944
-3.04695
-3.03458
-3.02233
-3.01018
-2.99814
-2.98621
-2.97439
-2.96267
-2.95106
-2.93954
-2.92813
-2.91682
-2.90561
-2.89449
-2.88347
-2.87255
-2.86172
-2.85098
-2.84033
-2.82978
-2.81931
-2.80893
-2.79864
-2.78844
-2.77831
-2.76828
-2.75832
-2.74845
-2.73866
-2.72895
-2.71932
-2.70977
-2.70029
-2.69089
-2.68157
-2.67232
-2.66314
-2.65404
-2.64501
-2.63605
-2.62717
-2.61835
-2.6096
-2.60092
-2.5923
-2.58376
-2.57528
-2.56686
-2.55851
-2.55022
-2.542
-2.53384
-2.52574
-2.5177
-2.50972
-2.5018
-2.49394
-2.48614
-2.4784
-2.47071
-2.46309
-2.45551
-2.448
-2.44054
-2.43313
-2.42577
-2.41847
-2.41123
-2.40403
-2.39689
-2.3898
-2.38276
-2.37576
-2.36882
-2.36193
-2.35509
-2.34829
-2.34154
-2.33484
-2.32819
-2.32158
-2.31502
-2.3085
-2.30203
-2.2956
-2.28922
-2.28288
-2.27659
-2.27033
-2.26412
-2.25796
-2.25183
-2.24574
-2.2397
-2.23369
-2.22773
-2.22181
-2.21592
-2.21007
-2.20427
-2.1985
-2.19277
-2.18707
-2.18142
-2.1758
-2.17021
-2.16467
-2.15916
-2.15368
-2.14824
-2.14284
-2.13747
-2.13213
-2.12683
-2.12156
-2.11633
-2.11112
-2.10595
-2.10082
-2.09571
-2.09064
-2.0856
-2.08059
-2.07562
-2.07067
-2.06575
-2.06087
-2.05601
-2.05118
-2.04639
-2.04162
-2.03688
-2.03217
-2.02749
-2.02284
-2.01822
-2.01362
-2.00905
-2.00451
-2
-1.99551
-1.99105
-1.98662
-1.98221
-1.97783
-1.97348
-1.96915
-1.96485
-1.96057
-1.95631
-1.95209
-1.94788
-1.9437
-1.93955
-1.93542
-1.93131
-1.92723
-1.92317
-1.91913
-1.91512
-1.91113
-1.90716
-1.90322
-1.89929
-1.89539
-1.89152
-1.88766
-1.88383
-1.88001
-1.87622
-1.87245
-1.86871
-1.86498
-1.86127
-1.85758
-1.85392
-1.85027
-1.84665
-1.84304
-1.83946
-1.83589
-1.83235
-1.82882
-1.82531
-1.82182
-1.81836
-1.8149
-1.81147
-1.80806
-1.80467
-1.80129
-1.79793
-1.79459
-1.79127
-1.78797
-1.78468
-1.78141
-1.77816
-1.77493
-1.77171
-1.76851
-1.76533
-1.76216
-1.75901
-1.75588
-1.75276
-1.74966
-1.74658
-1.74351
-1.74046
-1.73742
-1.7344
-1.7314
-1.72841
-1.72543
-1.72248
-1.71953
-1.71661
-1.71369
-1.7108
-1.70791
-1.70504
-1.70219
-1.69935
-1.69653
-1.69372
-1.69092
-1.68814
-1.68537
-1.68262
-1.67988
-1.67715
-1.67444
-1.67174
-1.66906
-1.66638
-1.66373
-1.66108
-1.65845
-1.65583
-1.65322
-1.65063
-1.64805
-1.64548
-1.64293
-1.64038
-1.63785
-1.63534
-1.63283
-1.63034
-1.62786
-1.62539
-1.62293
-1.62049
-1.61805
-1.61563
-1.61322
-1.61082
-1.60844
-1.60606
-1.6037
-1.60135
-1.59901
-1.59668
-1.59436
-1.59205
-1.58975
-1.58747
-1.58519
-1.58293
-1.58068
-1.57843
-1.5762
-1.57398
-1.57177
-1.56957
-1.56738
-1.5652
-1.56303
-1.56087
-1.55872
-1.55658
-1.55445
-1.55233
-1.55022
-1.54812
-1.54603
-1.54395
-1.54188
-1.53982
-1.53777
-1.53573
-1.53369
-1.53167
-1.52965
-1.52765
-1.52565
-1.52367
-1.52169
-1.51972
-1.51776
-1.51581
-1.51387
-1.51193
-1.51001
-1.50809
-1.50619
-1.50429
-1.5024
-1.50052
-1.49864
-1.49678
-1.49492
-1.49307
-1.49123
-1.4894
-1.48758
-1.48576
-1.48396
-1.48216
-1.48037
-1.47858
-1.47681
-1.47504
-1.47328
-1.47153
-1.46978
-1.46805
-1.46632
-1.4646
-1.46288
-1.46118
-1.45948
-1.45779
-1.4561
-1.45443
-1.45276
-1.45109
-1.44944
-1.44779
