-4.0939
-4.0703
-4.04676
-4.0233
-3.99991
-3.97658
-3.95333
-3.93014
-3.90703
-3.88398
-3.86099
-3.83808
-3.81523
-3.79246
-3.76974
-3.7471
-3.72452
-3.702
-3.67955
-3.65717
-3.63485
-3.61259
-3.5904
-3.56827
-3.5462
-3.5242
-3.50226
-3.48039
-3.45857
-3.43682
-3.41513
-3.3935
-3.37193
-3.35042
-3.32897
-3.30758
-3.28626
-3.26499
-3.24378
-3.22263
-3.20154
-3.1805
-3.15953
-3.13861
-3.11775
-3.09695
-3.0762
-3.05551
-3.03488
-3.0143
-2.99378
-2.97332
-2.95291
-2.93255
-2.91225
-2.89201
-2.87182
-2.85168
-2.8316
-2.81157
-2.7916
-2.77167
-2.7518
-2.73199
-2.71222
-2.69251
-2.67285
-2.65324
-2.63369
-2.61418
-2.59473
-2.57532
-2.55597
-2.53667
-2.51741
-2.49821
-2.47906
-2.45995
-2.4409
-2.42189
-2.40294
-2.38403
-2.36517
-2.34636
-2.32759
-2.30887
-2.2902
-2.27158
-2.25301
-2.23448
-2.216
-2.19756
-2.17919
-2.1614
-2.14446
-2.12833
-2.11296
-2.09831
-2.08433
-2.07099
-2.05826
-2.04609
-2.03447
-2.02336
-2.01273
-2.00257
-1.99283
-1.98351
-1.97459
-1.96603
-1.95782
-1.94996
-1.9424
-1.93515
-1.92819
-1.9215
-1.91507
-1.90888
-1.90293
-1.89721
-1.89169
-1.88638
-1.88127
-1.87633
-1.87157
-1.86698
-1.86255
-1.85827
-1.85413
-1.85013
-1.84627
-1.84253
-1.8389
-1.8354
-1.832
-1.8287
-1.82551
-1.82241
-1.8194
-1.81648
-1.81364
-1.81088
-1.80819
-1.80557
-1.80303
-1.80055
-1.79813
-1.79577
-1.79347
-1.79122
-1.78903
-1.78688
-1.78478
-1.78273
-1.78071
-1.77874
-1.77681
-1.77492
-1.77306
-1.77123
-1.76944
-1.76768
-1.76594
-1.76424
-1.76256
-1.7609
-1.75927
-1.75766
-1.75607
-1.75451
-1.75296
-1.75143
-1.74991
-1.74842
-1.74694
-1.74547
-1.74401
-1.74257
-1.74114
-1.73972
-1.73831
-1.73692
-1.73553
-1.73415
-1.73277
-1.73141
-1.73005
-1.72869
-1.72734
-1.726
-1.72466
-1.72333
-1.722
-1.72067
-1.71934
-1.71802
-1.7167
-1.71538
-1.71406
-1.71274
-1.71142
-1.7101
-1.70878
-1.70747
-1.70615
-1.70483
-1.70351
-1.70219
-1.70088
-1.69956
-1.69824
-1.69692
-1.6956
-1.69428
-1.69297
-1.69165
-1.69033
-1.68901
-1.68769
-1.68638
-1.68506
-1.68374
-1.68242
-1.6811
-1.67979
-1.67847
-1.67715
-1.67583
-1.67451
-1.67319
-1.67188
-1.67056
-1.66924
-1.66792
-1.6666
-1.66529
-1.66397
-1.66265
-1.66133
-1.66001
-1.65869
-1.65738
-1.65606
-1.65474
-1.65342
-1.6521
-1.65079
-1.64947
-1.64815
-1.64683
-1.64551
-1.6442
-1.64288
-1.64156
-1.64024
-1.63892
-1.6376
-1.63629
-1.63497
-1.63365
-1.63233
-1.63101
-1.6297
-1.62838
-1.62706
-1.62574
-1.62442
-1.6231
-1.62179
-1.62047
-1.61915
-1.61783
-1.61651
-1.6152
-1.61388
-1.61256
-1.61124
-1.60992
-1.60861
-1.60729
-1.60597
-1.60465
-1.60333
-1.60201
-1.6007
-1.59938
-1.59806
-1.59674
-1.59542
-1.59411
-1.59279
-1.59147
-1.59015
-1.58883
-1.58752
-1.5862
-1.58488
-1.58356
-1.58224
-1.58092
-1.57961
-1.57829
-1.57697
-1.57565
-1.57433
-1.57302
-1.5717
-1.57038
-1.56906
-1.56774
-1.56642
-1.56511
-1.56379
-1.56247
-1.56115
-1.55983
-1.55852
-1.5572
-1.55588
-1.55456
-1.55324
-1.55193
-1.55061
-1.54929
-1.54797
-1.54665
-1.54533
-1.54402
-1.5427
-1.54138
-1.54006
-1.53874
-1.53743
-1.53611
-1.53479
-1.53347
-1.53215
-1.53084
-1.52952
-1.5282
-1.52688
-1.52556
-1.52424
-1.52293
-1.52161
-1.52029
-1.51897
-1.51765
-1.51634
-1.51502
-1.5137
-1.51238
-1.51106
-1.50974
-1.50843
-1.50711
-1.50579
-1.50447
-1.50315
-1.50184
-1.50052
-1.4992
-1.49788
-1.49656
-1.49525
-1.49393
-1.49261
-1.49129
-1.48997
-1.48865
-1.48734
-1.48602
-1.4847
-1.48338
-1.48206
-1.48075
-1.47943
-1.47811
-1.47679
-1.47547
-1.47416
-1.47284
-1.47152
-1.4702
-1.46888
-1.46756
-1.46625
-1.46493
-1.46361
-1.46229
-1.46097
-1.45966
-1.45834
-1.45702
-1.4557
-1.45438
-1.45306
-1.45175
-1.45043
-1.44911
-1.44779
