-4.0939
-4.08729
-4.08068
-4.07406
-4.06744
-4.06083
-4.05421
-4.0476
-4.04098
-4.03437
-4.02775
-4.02114
-4.01452
-4.00791
-4.00129
-3.99468
-3.98806
-3.98145
-3.97483
-3.96822
-3.9616
-3.95499
-3.94837
-3.94176
-3.93514
-3.92853
-3.92191
-3.9153
-3.90868
-3.90207
-3.89545
-3.88884
-3.88222
-3.87561
-3.86899
-3.86238
-3.85576
-3.84914
-3.84253
-3.83591
-3.8293
-3.82268
-3.81607
-3.80945
-3.80284
-3.79622
-3.78961
-3.78299
-3.77638
-3.76976
-3.76315
-3.75653
-3.74992
-3.7433
-3.73669
-3.73007
-3.72346
-3.71684
-3.71023
-3.70361
-3.697
-3.69038
-3.68377
-3.67715
-3.67054
-3.66392
-3.65731
-3.65069
-3.64408
-3.63746
-3.63085
-3.62423
-3.61761
-3.611
-3.60438
-3.59777
-3.59116
-3.58454
-3.57793
-3.57131
-3.56469
-3.55808
-3.55146
-3.54485
-3.53824
-3.53162
-3.525
-3.51839
-3.51177
-3.50516
-3.49854
-3.49193
-3.48531
-3.4787
-3.47208
-3.46546
-3.45885
-3.45224
-3.44562
-3.43901
-3.43239
-3.42578
-3.41916
-3.41255
-3.40593
-3.39932
-3.3927
-3.38609
-3.37947
-3.37285
-3.36624
-3.35963
-3.35302
-3.3464
-3.33978
-3.33317
-3.32656
-3.31994
-3.31332
-3.30671
-3.30009
-3.29348
-3.28686
-3.28024
-3.27363
-3.26701
-3.2604
-3.25379
-3.24717
-3.24056
-3.23394
-3.22732
-3.22071
-3.2141
-3.20748
-3.20086
-3.19424
-3.18763
-3.18102
-3.17441
-3.16779
-3.16118
-3.15456
-3.14795
-3.14133
-3.13471
-3.1281
-3.12148
-3.11487
-3.10826
-3.10164
-3.09502
-3.08841
-3.0818
-3.07518
-3.06856
-3.06195
-3.05533
-3.04872
-3.0421
-3.03549
-3.02887
-3.02226
-3.01564
-3.00903
-3.00241
-2.9958
-2.98918
-2.98256
-2.97594
-2.96933
-2.96271
-2.95609
-2.94948
-2.94286
-2.93624
-2.92963
-2.92301
-2.9164
-2.90978
-2.90317
-2.89655
-2.88994
-2.88332
-2.87671
-2.87009
-2.86348
-2.85686
-2.85024
-2.84363
-2.83701
-2.8304
-2.82378
-2.81717
-2.81055
-2.80394
-2.79732
-2.7907
-2.78409
-2.77747
-2.77085
-2.76424
-2.75762
-2.75101
-2.7444
-2.73778
-2.73116
-2.72455
-2.71794
-2.71131
-2.7047
-2.69809
-2.69148
-2.68485
-2.67825
-2.67163
-2.66501
-2.65839
-2.65178
-2.64517
-2.63855
-2.63193
-2.62532
-2.6187
-2.61209
-2.60548
-2.59885
-2.59224
-2.58562
-2.57902
-2.57239
-2.56578
-2.55917
-2.55255
-2.54593
-2.53932
-2.53271
-2.52609
-2.51947
-2.51286
-2.50624
-2.49963
-2.49302
-2.4864
-2.47978
-2.47316
-2.46655
-2.45993
-2.45332
-2.4467
-2.44009
-2.43347
-2.42686
-2.42025
-2.41363
-2.40701
-2.4004
-2.39379
-2.38717
-2.38055
-2.37394
-2.36732
-2.3607
-2.35409
-2.34748
-2.34086
-2.33424
-2.32763
-2.32101
-2.3144
-2.30779
-2.30117
-2.29455
-2.28794
-2.28132
-2.2747
-2.26809
-2.26148
-2.25486
-2.24824
-2.24163
-2.23502
-2.2284
-2.22179
-2.21517
-2.20855
-2.20194
-2.19533
-2.18871
-2.18209
-2.17548
-2.16886
-2.16224
-2.15563
-2.14902
-2.1424
-2.13578
-2.12917
-2.12256
-2.11594
-2.10933
-2.10271
-2.0961
-2.08948
-2.08286
-2.07625
-2.06963
-2.06302
-2.0564
-2.04979
-2.04317
-2.03656
-2.02994
-2.02333
-2.01671
-2.0101
-2.00348
-1.99686
-1.99025
-1.98363
-1.97702
-1.9704
-1.96379
-1.95717
-1.95056
-1.94394
-1.93733
-1.93071
-1.92409
-1.91748
-1.91086
-1.90425
-1.89763
-1.89102
-1.8844
-1.87779
-1.87117
-1.86456
-1.85794
-1.85133
-1.84471
-1.8381
-1.83148
-1.82487
-1.81825
-1.81164
-1.80502
-1.7984
-1.79179
-1.78517
-1.77856
-1.77194
-1.76533
-1.75871
-1.7521
-1.74548
-1.73887
-1.73225
-1.72564
-1.71902
-1.7124
-1.70579
-1.69917
-1.69256
-1.68594
-1.67933
-1.67271
-1.6661
-1.65948
-1.65287
-1.64625
-1.63964
-1.63302
-1.62641
-1.61979
-1.61317
-1.60656
-1.59994
-1.59333
-1.58671
-1.5801
-1.57348
-1.56687
-1.56025
-1.55364
-1.54702
-1.54041
-1.53379
-1.52718
-1.52056
-1.51395
-1.50733
-1.50071
-1.4941
-1.48748
-1.48087
-1.47425
-1.46764
-1.46102
-1.45441
-1.44779
