0.9065
0.906377
0.906254
0.90613
0.906007
0.905884
0.905761
0.905638
0.905516
0.905393
0.90527
0.905148
0.905025
0.904903
0.90478
0.904658
0.904536
0.904414
0.904291
0.904169
0.904047
0.903926
0.903804
0.903682
0.90356
0.903439
0.903317
0.903196
0.903074
0.902953
0.902832
0.902711
0.902589
0.902468
0.902347
0.902227
0.902106
0.901985
0.901864
0.901744
0.901623
0.901503
0.901382
0.901262
0.901142
0.901021
0.900901
0.900781
0.900661
0.900541
0.900421
0.900302
0.900182
0.900062
0.899943
0.899823
0.899704
0.899584
0.899465
0.899346
0.899227
0.899108
0.898989
0.89887
0.898751
0.898632
0.898513
0.898395
0.898276
0.898158
0.898039
0.897921
0.897802
0.897684
0.897566
0.897448
0.89733
0.897212
0.897094
0.896976
0.896858
0.896741
0.896623
0.896505
0.896388
0.896271
0.896153
0.896036
0.895919
0.895802
0.895685
0.895568
0.895451
0.895334
0.895217
0.8951
0.894984
0.894867
0.89475
0.894634
0.894518
