0.779811
0.77774
0.775749
0.773836
0.771994
0.770221
0.768512
0.766865
0.765275
0.763741
0.762258
0.760825
0.75944
0.758099
0.756801
0.755544
0.754326
0.753145
0.752
0.750888
0.74981
0.748762
0.747745
0.746756
0.745795
0.74486
0.74395
0.743065
0.742204
0.741365
0.740548
0.739752
0.738977
0.738221
0.737483
0.736763
0.736059
0.735372
0.7347
0.734043
0.733401
0.732773
0.732159
0.731558
0.73097
0.730394
0.72983
0.729278
0.728737
0.728207
0.727688
0.727179
0.726681
0.726193
0.725716
0.72525
0.724794
0.724347
0.723911
0.723484
0.723066
0.722657
0.722257
0.721865
0.721482
0.721106
0.720739
0.720379
0.720027
0.719682
0.719344
0.719013
0.718689
0.718371
0.718061
0.717756
0.717459
0.717167
0.716882
0.716602
0.716328
0.71606
0.715797
0.71554
0.715287
0.71504
0.714797
0.714559
0.714326
0.714097
0.713872
0.713651
0.713435
0.713223
0.713015
0.712812
0.712614
0.712426
0.712271
0.71218
0.712177
