0.11269
0.139474
0.166002
0.192255
0.218225
0.243914
0.269324
0.294457
0.319319
0.343913
0.368249
0.392327
0.416153
0.439734
0.463072
0.486175
0.509046
0.531691
0.554116
0.576326
0.598327
0.620125
0.641725
0.663137
0.684361
0.705409
0.726281
0.746985
0.767523
0.787904
0.808126
0.828202
0.848129
0.867333
0.884082
0.899492
0.913829
0.927216
0.939716
0.951376
0.962235
0.972328
0.981681
0.990329
0.998301
1.00562
1.01229
1.01836
1.02384
1.02875
1.03315
1.03705
1.0405
1.04352
1.04616
1.04845
1.05044
1.05219
1.05377
1.05527
1.05675
1.05823
1.05969
1.06114
1.06258
1.06401
1.06543
1.06677
1.06796
1.06897
1.06979
1.07039
1.07079
1.071
1.07103
1.07088
1.07055
1.07004
1.06951
1.06896
1.06839
1.06781
1.0672
1.06658
1.06593
1.06525
1.06452
1.06374
1.06289
1.06196
1.06095
1.05985
1.05864
1.05731
1.05586
1.05428
1.05253
1.05046
1.04804
1.0453
1.04225
1.03889
1.03522
1.03126
1.02699
1.02242
1.01754
1.01236
1.00688
1.00108
0.994984
0.988575
0.981857
0.974828
0.967486
0.959833
0.951865
0.943587
0.934996
0.92609
0.916872
0.907342
0.897502
0.887349
0.876888
0.866119
0.855044
0.843661
0.831975
0.819986
0.807698
